This is the report of homework2: 
------------------------------------------------------------------------------------
Loop 1 
CPT_best is:
CPT for gene1:
    2.0000    1.0000
         0    0.4118
    1.0000    0.5246


CPT for gene2:
    2.0000
    0.9150


CPT for gene3:
    1.0000    4.0000    5.0000    3.0000
         0         0         0    0.1875
         0         0    1.0000    0.5333
         0    1.0000         0    0.9375
         0    1.0000    1.0000    1.0000
    1.0000         0         0    1.0000
    1.0000         0    1.0000    0.5357
    1.0000    1.0000         0    0.5000
    1.0000    1.0000    1.0000    0.8732


CPT for gene4:
    1.0000    2.0000    5.0000    4.0000
         0         0         0    0.8000
         0         0    1.0000         0
         0    1.0000         0    0.4444
         0    1.0000    1.0000    0.0833
    1.0000         0         0         0
    1.0000         0    1.0000    0.6000
    1.0000    1.0000         0    1.0000
    1.0000    1.0000    1.0000    0.7234


CPT for gene5:
    1.0000    2.0000    5.0000
         0         0    0.5000
         0    1.0000    0.6897
    1.0000         0    0.7143
    1.0000    1.0000    0.9792


CPT for gene6:
    2.0000    3.0000    4.0000    6.0000
         0         0         0    0.5000
         0         0    1.0000    1.0000
         0    1.0000         0    0.3333
         0    1.0000    1.0000    0.5000
    1.0000         0         0    0.3600
    1.0000         0    1.0000    0.9000
    1.0000    1.0000         0    0.3478
    1.0000    1.0000    1.0000    0.7662


------------------------------------------------------------------------------------
This is the prediction of 6 genes expression level: 
(Reading guidance:column 1 to 20 is the prediction of expression level(0 or 1) colunm 21 is the
accuracy of current prediction.And I have done 6 times prediction for each gene.)
Prediction for gene1:
  Columns 1 through 11

    1.0000    1.0000    1.0000    1.0000    1.0000         0    1.0000         0    1.0000    1.0000    1.0000

  Columns 12 through 21

    1.0000         0         0    1.0000    1.0000    1.0000         0    1.0000    1.0000    0.6500

Prediction for gene2:
  Columns 1 through 11

    1.0000    1.0000    1.0000    1.0000    1.0000    1.0000    1.0000    1.0000    1.0000    1.0000    1.0000

  Columns 12 through 21

    1.0000    1.0000    1.0000    1.0000    1.0000    1.0000    1.0000    1.0000    1.0000    0.7500

Prediction for gene3:
  Columns 1 through 11

    1.0000    1.0000    1.0000         0    1.0000    1.0000    1.0000    1.0000    1.0000    1.0000    1.0000

  Columns 12 through 21

    1.0000    1.0000    1.0000    1.0000         0    1.0000    1.0000    1.0000    1.0000    0.4000

Prediction for gene4:
  Columns 1 through 11

    1.0000         0         0         0    1.0000         0    1.0000    1.0000    1.0000    1.0000    1.0000

  Columns 12 through 21

    1.0000         0    1.0000         0         0    1.0000    1.0000    1.0000    1.0000    0.6500

Prediction for gene5:
  Columns 1 through 11

    1.0000    1.0000    1.0000    1.0000    1.0000         0    1.0000         0    1.0000    1.0000    1.0000

  Columns 12 through 21

    1.0000         0    1.0000    1.0000    1.0000    1.0000    1.0000    1.0000    1.0000    0.6500

Prediction for gene6:
  Columns 1 through 11

         0    1.0000         0         0         0         0         0         0    1.0000         0         0

  Columns 12 through 21

    1.0000         0         0         0         0    1.0000         0    1.0000         0    0.6500


score =

 -586.9864

Loop 2 
CPT_best is:
CPT for gene1:
    2.0000    1.0000
         0    0.4118
    1.0000    0.5246


CPT for gene2:
    2.0000
    0.9150


CPT for gene3:
    1.0000    4.0000    5.0000    3.0000
         0         0         0    0.1875
         0         0    1.0000    0.5333
         0    1.0000         0    0.9375
         0    1.0000    1.0000    1.0000
    1.0000         0         0    1.0000
    1.0000         0    1.0000    0.5357
    1.0000    1.0000         0    0.5000
    1.0000    1.0000    1.0000    0.8732


CPT for gene4:
    1.0000    2.0000    5.0000    4.0000
         0         0         0    0.8000
         0         0    1.0000         0
         0    1.0000         0    0.4444
         0    1.0000    1.0000    0.0833
    1.0000         0         0         0
    1.0000         0    1.0000    0.6000
    1.0000    1.0000         0    1.0000
    1.0000    1.0000    1.0000    0.7234


CPT for gene5:
    1.0000    2.0000    5.0000
         0         0    0.5000
         0    1.0000    0.6897
    1.0000         0    0.7143
    1.0000    1.0000    0.9792


CPT for gene6:
    1.0000    2.0000    4.0000    6.0000
         0         0         0    0.6667
         0         0    1.0000    0.5000
         0    1.0000         0    0.3714
         0    1.0000    1.0000    0.8235
    1.0000         0         0         0
    1.0000         0    1.0000    0.6667
    1.0000    1.0000         0    0.3077
    1.0000    1.0000    1.0000    0.7714


------------------------------------------------------------------------------------
This is the prediction of 6 genes expression level: 
(Reading guidance:column 1 to 20 is the prediction of expression level(0 or 1) colunm 21 is the
accuracy of current prediction.And I have done 6 times prediction for each gene.)
Prediction for gene1:
  Columns 1 through 11

    1.0000    1.0000    1.0000    1.0000    1.0000         0    1.0000         0    1.0000    1.0000    1.0000

  Columns 12 through 21

    1.0000         0         0    1.0000    1.0000    1.0000         0    1.0000    1.0000    0.6500

Prediction for gene2:
  Columns 1 through 11

    1.0000    1.0000    1.0000    1.0000    1.0000    1.0000    1.0000    1.0000    1.0000    1.0000    1.0000

  Columns 12 through 21

    1.0000    1.0000    1.0000    1.0000    1.0000    1.0000    1.0000    1.0000    1.0000    0.7500

Prediction for gene3:
  Columns 1 through 11

    1.0000    1.0000    1.0000         0    1.0000    1.0000    1.0000    1.0000    1.0000    1.0000    1.0000

  Columns 12 through 21

    1.0000    1.0000    1.0000    1.0000         0    1.0000    1.0000    1.0000    1.0000    0.4000

Prediction for gene4:
  Columns 1 through 11

    1.0000         0         0         0    1.0000         0    1.0000    1.0000    1.0000    1.0000    1.0000

  Columns 12 through 21

    1.0000         0    1.0000         0         0    1.0000    1.0000    1.0000    1.0000    0.6500

Prediction for gene5:
  Columns 1 through 11

    1.0000    1.0000    1.0000    1.0000    1.0000         0    1.0000         0    1.0000    1.0000    1.0000

  Columns 12 through 21

    1.0000         0    1.0000    1.0000    1.0000    1.0000    1.0000    1.0000    1.0000    0.6500

Prediction for gene6:
  Columns 1 through 11

         0    1.0000         0         0         0    1.0000         0         0    1.0000         0         0

  Columns 12 through 21

    1.0000    1.0000    1.0000         0         0    1.0000    1.0000    1.0000         0    0.6500


score =

 -585.0018

Loop 3 
CPT_best is:
CPT for gene1:
    1.0000
    0.5150


CPT for gene2:
    1.0000    3.0000    4.0000    2.0000
         0         0         0    0.9268
         0         0    1.0000         0
         0    1.0000         0    0.9143
         0    1.0000    1.0000    0.8500
    1.0000         0         0    0.9231
    1.0000         0    1.0000    1.0000
    1.0000    1.0000         0    0.8235
    1.0000    1.0000    1.0000    0.9524


CPT for gene3:
    1.0000    4.0000    3.0000
         0         0    0.4605
         0    1.0000    0.9524
    1.0000         0    0.5667
    1.0000    1.0000    0.8630


CPT for gene4:
    1.0000    4.0000
         0    0.2165
    1.0000    0.7087


CPT for gene5:
    2.0000    3.0000    4.0000    5.0000
         0         0         0    0.7500
         0         0    1.0000         0
         0    1.0000         0    0.6667
         0    1.0000    1.0000    0.5000
    1.0000         0         0    0.7600
    1.0000         0    1.0000    0.9000
    1.0000    1.0000         0    0.9348
    1.0000    1.0000    1.0000    0.8312


CPT for gene6:
    1.0000    2.0000    4.0000    6.0000
         0         0         0    0.6667
         0         0    1.0000    0.5000
         0    1.0000         0    0.3714
         0    1.0000    1.0000    0.8235
    1.0000         0         0         0
    1.0000         0    1.0000    0.6667
    1.0000    1.0000         0    0.3077
    1.0000    1.0000    1.0000    0.7714


------------------------------------------------------------------------------------
This is the prediction of 6 genes expression level: 
(Reading guidance:column 1 to 20 is the prediction of expression level(0 or 1) colunm 21 is the
accuracy of current prediction.And I have done 6 times prediction for each gene.)
Prediction for gene1:
  Columns 1 through 11

    1.0000    1.0000    1.0000    1.0000    1.0000    1.0000    1.0000    1.0000    1.0000    1.0000    1.0000

  Columns 12 through 21

    1.0000    1.0000    1.0000    1.0000    1.0000    1.0000    1.0000    1.0000    1.0000    0.6000

Prediction for gene2:
  Columns 1 through 11

    1.0000    1.0000    1.0000    1.0000    1.0000    1.0000    1.0000    1.0000    1.0000    1.0000    1.0000

  Columns 12 through 21

    1.0000    1.0000    1.0000    1.0000    1.0000    1.0000    1.0000    1.0000    1.0000    0.7500

Prediction for gene3:
  Columns 1 through 11

    1.0000    1.0000         0         0    1.0000         0    1.0000    1.0000    1.0000    1.0000    1.0000

  Columns 12 through 21

    1.0000         0    1.0000         0         0    1.0000    1.0000    1.0000    1.0000    0.5000

Prediction for gene4:
  Columns 1 through 11

    1.0000         0         0         0    1.0000         0    1.0000         0    1.0000    1.0000    1.0000

  Columns 12 through 21

    1.0000         0    1.0000         0         0    1.0000    1.0000    1.0000    1.0000    0.6000

Prediction for gene5:
  Columns 1 through 11

    1.0000    1.0000    1.0000    1.0000    1.0000    1.0000    1.0000         0    1.0000    1.0000    1.0000

  Columns 12 through 21

    1.0000    1.0000         0    1.0000    1.0000    1.0000         0    1.0000    1.0000    0.6500

Prediction for gene6:
  Columns 1 through 11

         0    1.0000         0         0         0    1.0000         0         0    1.0000         0         0

  Columns 12 through 21

    1.0000    1.0000    1.0000         0         0    1.0000    1.0000    1.0000         0    0.6500


score =

 -613.7974

Loop 4 
CPT_best is:
CPT for gene1:
    2.0000    1.0000
         0    0.4118
    1.0000    0.5246


CPT for gene2:
    2.0000
    0.9150


CPT for gene3:
    1.0000    4.0000    6.0000    3.0000
         0         0         0    0.4130
         0         0    1.0000    0.5333
         0    1.0000         0    1.0000
         0    1.0000    1.0000    0.9375
    1.0000         0         0    0.6818
    1.0000         0    1.0000    0.2500
    1.0000    1.0000         0    0.9412
    1.0000    1.0000    1.0000    0.8393


CPT for gene4:
    1.0000    5.0000    6.0000    4.0000
         0         0         0    0.1538
         0         0    1.0000    0.7368
         0    1.0000         0    0.0789
         0    1.0000    1.0000    0.0741
    1.0000         0         0    0.3333
    1.0000         0    1.0000    1.0000
    1.0000    1.0000         0    0.4444
    1.0000    1.0000    1.0000    0.8730


CPT for gene5:
    1.0000    2.0000    5.0000
         0         0    0.5000
         0    1.0000    0.6897
    1.0000         0    0.7143
    1.0000    1.0000    0.9792


CPT for gene6:
    1.0000    2.0000    5.0000    6.0000
         0         0         0    0.6000
         0         0    1.0000    0.6000
         0    1.0000         0    0.5926
         0    1.0000    1.0000    0.4000
    1.0000         0         0         0
    1.0000         0    1.0000    0.4000
    1.0000    1.0000         0    0.5000
    1.0000    1.0000    1.0000    0.6489


------------------------------------------------------------------------------------
This is the prediction of 6 genes expression level: 
(Reading guidance:column 1 to 20 is the prediction of expression level(0 or 1) colunm 21 is the
accuracy of current prediction.And I have done 6 times prediction for each gene.)
Prediction for gene1:
  Columns 1 through 11

    1.0000    1.0000    1.0000    1.0000    1.0000         0    1.0000         0    1.0000    1.0000    1.0000

  Columns 12 through 21

    1.0000         0         0    1.0000    1.0000    1.0000         0    1.0000    1.0000    0.6500

Prediction for gene2:
  Columns 1 through 11

    1.0000    1.0000    1.0000    1.0000    1.0000    1.0000    1.0000    1.0000    1.0000    1.0000    1.0000

  Columns 12 through 21

    1.0000    1.0000    1.0000    1.0000    1.0000    1.0000    1.0000    1.0000    1.0000    0.7500

Prediction for gene3:
  Columns 1 through 11

         0    1.0000         0         0    1.0000         0    1.0000    1.0000    1.0000    1.0000    1.0000

  Columns 12 through 21

    1.0000         0    1.0000         0         0    1.0000    1.0000    1.0000         0    0.6000

Prediction for gene4:
  Columns 1 through 11

    1.0000         0         0         0         0         0         0    1.0000    1.0000         0         0

  Columns 12 through 21

    1.0000         0    1.0000         0         0    1.0000    1.0000         0    1.0000    0.8000

Prediction for gene5:
  Columns 1 through 11

    1.0000    1.0000    1.0000    1.0000    1.0000         0    1.0000         0    1.0000    1.0000    1.0000

  Columns 12 through 21

    1.0000         0    1.0000    1.0000    1.0000    1.0000    1.0000    1.0000    1.0000    0.6500

Prediction for gene6:
  Columns 1 through 11

    1.0000         0         0    1.0000         0    1.0000    1.0000    1.0000    1.0000         0    1.0000

  Columns 12 through 21

    1.0000    1.0000         0         0    1.0000    1.0000         0    1.0000         0    0.5000


score =

 -589.2439

Loop 5 
CPT_best is:
CPT for gene1:
    2.0000    1.0000
         0    0.4118
    1.0000    0.5246


CPT for gene2:
    2.0000
    0.9150


CPT for gene3:
    1.0000    2.0000    4.0000    3.0000
         0         0         0    0.5000
         0         0    1.0000    0.7500
         0    1.0000         0    0.4571
         0    1.0000    1.0000    1.0000
    1.0000         0         0    0.7500
    1.0000         0    1.0000    1.0000
    1.0000    1.0000         0    0.5385
    1.0000    1.0000    1.0000    0.8571


CPT for gene4:
    1.0000    2.0000    4.0000
         0         0    0.4000
         0    1.0000    0.1954
    1.0000         0    0.4286
    1.0000    1.0000    0.7292


CPT for gene5:
    1.0000    3.0000    4.0000    5.0000
         0         0         0    0.6829
         0         0    1.0000         0
         0    1.0000         0    0.9143
         0    1.0000    1.0000    0.2500
    1.0000         0         0    1.0000
    1.0000         0    1.0000    0.9000
    1.0000    1.0000         0    0.8824
    1.0000    1.0000    1.0000    0.9841


CPT for gene6:
    2.0000    4.0000    5.0000    6.0000
         0         0         0    0.3333
         0         0    1.0000    0.4286
         0    1.0000         0    0.5000
         0    1.0000    1.0000    0.6667
    1.0000         0         0    0.2667
    1.0000         0    1.0000    0.3704
    1.0000    1.0000         0    0.9286
    1.0000    1.0000    1.0000    0.7534


------------------------------------------------------------------------------------
This is the prediction of 6 genes expression level: 
(Reading guidance:column 1 to 20 is the prediction of expression level(0 or 1) colunm 21 is the
accuracy of current prediction.And I have done 6 times prediction for each gene.)
Prediction for gene1:
  Columns 1 through 11

    1.0000    1.0000    1.0000    1.0000    1.0000         0    1.0000         0    1.0000    1.0000    1.0000

  Columns 12 through 21

    1.0000         0         0    1.0000    1.0000    1.0000         0    1.0000    1.0000    0.6500

Prediction for gene2:
  Columns 1 through 11

    1.0000    1.0000    1.0000    1.0000    1.0000    1.0000    1.0000    1.0000    1.0000    1.0000    1.0000

  Columns 12 through 21

    1.0000    1.0000    1.0000    1.0000    1.0000    1.0000    1.0000    1.0000    1.0000    0.7500

Prediction for gene3:
  Columns 1 through 11

    1.0000    1.0000         0         0    1.0000         0    1.0000    1.0000    1.0000    1.0000    1.0000

  Columns 12 through 21

    1.0000         0    1.0000         0         0    1.0000    1.0000    1.0000    1.0000    0.5000

Prediction for gene4:
  Columns 1 through 11

    1.0000         0         0         0    1.0000         0    1.0000         0    1.0000    1.0000    1.0000

  Columns 12 through 21

    1.0000         0         0         0         0    1.0000         0    1.0000    1.0000    0.5000

Prediction for gene5:
  Columns 1 through 11

    1.0000         0    1.0000    1.0000    1.0000    1.0000    1.0000         0    1.0000    1.0000    1.0000

  Columns 12 through 21

    1.0000    1.0000    1.0000    1.0000    1.0000    1.0000    1.0000    1.0000    1.0000    0.7000

Prediction for gene6:
  Columns 1 through 11

         0    1.0000         0         0         0         0         0         0    1.0000         0         0

  Columns 12 through 21

    1.0000         0    1.0000         0         0    1.0000    1.0000    1.0000         0    0.7500


score =

 -589.9122

